,Time,Temperature,Dew Point,Humidity,Wind,Wind Speed,Wind Gust,Pressure,Precip.,Condition
0,12:41 AM,54 °F,45 °F,72 °%,CALM,0 °mph,0 °mph,24.88 °in,0.0 °in,Mostly Cloudy
1,1:41 AM,54 °F,45 °F,72 °%,CALM,0 °mph,0 °mph,24.88 °in,0.0 °in,Mostly Cloudy
2,2:41 AM,54 °F,45 °F,72 °%,CALM,0 °mph,0 °mph,24.88 °in,0.0 °in,Mostly Cloudy
3,3:43 AM,52 °F,45 °F,76 °%,CALM,0 °mph,0 °mph,24.88 °in,0.0 °in,Mostly Cloudy
4,4:41 AM,50 °F,43 °F,76 °%,CALM,0 °mph,0 °mph,24.88 °in,0.0 °in,Mostly Cloudy
5,5:46 AM,52 °F,45 °F,76 °%,SSE,3 °mph,0 °mph,24.88 °in,0.0 °in,Mostly Cloudy
6,6:41 AM,50 °F,45 °F,82 °%,CALM,0 °mph,0 °mph,24.88 °in,0.0 °in,Mostly Cloudy
7,7:50 AM,50 °F,45 °F,82 °%,CALM,0 °mph,0 °mph,24.89 °in,0.0 °in,Mostly Cloudy
8,8:45 AM,54 °F,46 °F,77 °%,CALM,0 °mph,0 °mph,24.92 °in,0.0 °in,Mostly Cloudy
9,9:44 AM,61 °F,48 °F,63 °%,CALM,0 °mph,0 °mph,24.93 °in,0.0 °in,Mostly Cloudy
10,10:45 AM,68 °F,48 °F,49 °%,E,5 °mph,0 °mph,24.91 °in,0.0 °in,Mostly Cloudy
11,11:45 AM,73 °F,45 °F,36 °%,SSE,5 °mph,0 °mph,24.88 °in,0.0 °in,Partly Cloudy
12,12:48 PM,75 °F,41 °F,29 °%,SW,8 °mph,0 °mph,24.83 °in,0.0 °in,Partly Cloudy
13,1:46 PM,77 °F,39 °F,26 °%,SSW,12 °mph,0 °mph,24.81 °in,0.0 °in,Mostly Cloudy
14,2:44 PM,77 °F,36 °F,22 °%,WSW,10 °mph,22 °mph,24.80 °in,0.0 °in,Mostly Cloudy
15,3:46 PM,77 °F,36 °F,22 °%,WNW,24 °mph,0 °mph,24.79 °in,0.0 °in,Mostly Cloudy / Windy
16,4:42 PM,75 °F,37 °F,25 °%,W,16 °mph,0 °mph,24.80 °in,0.0 °in,Partly Cloudy
17,5:47 PM,72 °F,39 °F,31 °%,SW,8 °mph,0 °mph,24.80 °in,0.0 °in,Partly Cloudy
18,6:46 PM,66 °F,43 °F,43 °%,WNW,7 °mph,0 °mph,24.81 °in,0.0 °in,Mostly Cloudy
19,7:44 PM,64 °F,45 °F,49 °%,WSW,6 °mph,0 °mph,24.83 °in,0.0 °in,Partly Cloudy
20,8:43 PM,61 °F,45 °F,55 °%,WSW,3 °mph,0 °mph,24.85 °in,0.0 °in,Partly Cloudy
21,9:40 PM,57 °F,45 °F,63 °%,SW,3 °mph,0 °mph,24.86 °in,0.0 °in,Partly Cloudy
22,10:40 PM,55 °F,45 °F,67 °%,SW,3 °mph,0 °mph,24.85 °in,0.0 °in,Partly Cloudy
23,11:44 PM,52 °F,45 °F,76 °%,ESE,3 °mph,0 °mph,24.83 °in,0.0 °in,Partly Cloudy
